These are FIS (SATA Frame Information Structures) traces captured with a SATA analyser
when using the WDIDLE3-1.03 program under DOS.  I do not know the sequence that these
four traces were done in, which may affect the exact actions/values used.


----------------------------------------------------------------------------------------------------------------------------------------------------

wdidle3-report.sata: report state of the idle3 timer:

RESET_DEVICE:
fis: 27 00 80 44 01 00 00 00 00 00 00 d5 01 00 00 06 00 00 00 00
fis: 27 00 80 44 01 00 00 00 00 00 00 d5 01 00 00 02 00 00 00 00

IDENTIFY_DEVICE:
fis: 27 80 ec 44 01 00 00 a0 00 00 00 d5 01 00 00 02 00 00 00 00
data_in:
  0: 7a 42 ff 3f 37 c8 10 00 00 00 00 00 3f 00 00 00 00 00 00 00 20 20 20 20 57 20 2d 44 4d 57 56 41 30 35 32 33 35 36 36 38 00 00 ff ff 32 00 31 30
 48: 30 2e 41 30 31 30 44 57 20 43 44 57 30 35 30 30 41 41 53 44 30 2d 4d 30 42 32 20 30 20 20 20 20 20 20 20 20 20 20 20 20 20 20 20 20 20 20 10 80
 96: 00 00 00 2f 01 40 00 00 00 00 07 00 ff 3f 10 00 3f 00 10 fc fb 00 00 01 ff ff ff 0f 00 00 07 00 03 00 78 00 78 00 78 00 78 00 00 00 00 00 00 00
144: 00 00 00 00 00 00 1f 00 06 17 00 00 44 00 40 00 fe 01 00 00 6b 74 61 7f 23 41 69 74 41 bc 23 41 7f 40 4a 00 4a 00 00 00 fe ff 00 00 fe 80 00 00
192: 00 00 00 00 00 00 00 00 30 60 38 3a 00 00 00 00 00 00 00 00 00 00 00 00 01 50 e0 4e 81 ac a1 21 00 00 00 00 00 00 00 00 00 00 00 00 00 00 1c 40
240: 1c 40 00 00 00 00 00 00 00 00 00 00 00 00 00 00 21 00 00 00 00 00 00 00 00 00 ce 16 00 00 00 00 00 00 00 00 00 00 00 00 00 00 00 00 04 00 00 00
288: 00 00 00 00 00 00 00 00 00 00 00 00 00 00 00 00 00 00 00 00 00 00 00 00 00 00 00 00 00 00 00 00 00 00 00 00 00 00 00 00 00 00 00 00 00 00 00 00
336: 00 00 00 00 00 00 00 00 00 00 00 00 00 00 00 00 00 00 00 00 00 00 00 00 00 00 00 00 00 00 00 00 00 00 00 00 00 00 00 00 00 00 00 00 00 00 00 00
384: 00 00 00 00 00 00 00 00 00 00 00 00 00 00 00 00 00 00 00 00 00 00 00 00 00 00 00 00 37 30 00 00 00 00 00 00 00 00 00 00 00 00 00 00 00 00 00 00
432: 00 00 00 00 00 00 00 00 00 00 00 00 1e 10 00 00 00 00 00 00 00 00 00 00 00 00 00 00 00 00 00 00 00 00 00 00 01 00 00 10 00 00 00 00 00 00 00 00
480: 00 00 00 00 00 00 00 00 00 00 00 00 00 00 00 00 00 00 00 00 00 00 00 00 00 00 00 00 00 00 a5 60

VSC_ENABLE:
fis: 27 80 80 45 01 44 57 a0 00 00 00 44 00 00 00 02 00 00 00 00

SMART_WRITE_LOG:
fis: 27 80 b0 d6 be 4f c2 a0 01 44 57 45 01 00 00 02 00 00 00 00
data_out: 57 00 1a 00..

SMART_READ_LOG:
fis: 27 80 b0 d5 bf 4f c2 a0 00 01 00 d6 01 00 00 02 00 00 00 00
data_in: 40 1f 00 00..

SMART_WRITE_LOG:
fis: 27 80 b0 d6 be 4f c2 a0 bf 00 00 d5 01 00 00 02 00 00 00 00
data_out: 2a 00 01 00 02 00 0d 00 16 00 01 00..

SMART_READ_LOG:
fis: 27 80 b0 d5 bf 4f c2 a0 00 01 00 d6 01 00 00 02 00 00 00 00
data_in: 50 00..

VSC_DISABLE:
fis: 27 80 80 44 bf 44 57 a0 00 00 00 d5 00 00 00 02 00 00 00 00

----------------------------------------------------------------------------------------------------------------------------------------------------

wdidle3-disable.sata: completely disable the idle3 timer:

RESET,
IDENTIFY:
fis: 27 80 ec 44 01 00 00 a0 00 00 00 d5 01 00 00 02 00 00 00 00
data_in:
  0: 7a 42 ff 3f 37 c8 10 00 00 00 00 00 3f 00 00 00 00 00 00 00 20 20 20 20 57 20 2d 44 4d 57 56 41 30 35 32 33 35 36 36 38 00 00 ff ff 32 00 31 30
 48: 30 2e 41 30 31 30 44 57 20 43 44 57 30 35 30 30 41 41 53 44 30 2d 4d 30 42 32 20 30 20 20 20 20 20 20 20 20 20 20 20 20 20 20 20 20 20 20 10 80
 96: 00 00 00 2f 01 40 00 00 00 00 07 00 ff 3f 10 00 3f 00 10 fc fb 00 00 01 ff ff ff 0f 00 00 07 00 03 00 78 00 78 00 78 00 78 00 00 00 00 00 00 00
144: 00 00 00 00 00 00 1f 00 06 17 00 00 44 00 40 00 fe 01 00 00 6b 74 61 7f 23 41 69 74 41 bc 23 41 7f 40 4a 00 4a 00 00 00 fe ff 00 00 fe 80 00 00
192: 00 00 00 00 00 00 00 00 30 60 38 3a 00 00 00 00 00 00 00 00 00 00 00 00 01 50 e0 4e 81 ac a1 21 00 00 00 00 00 00 00 00 00 00 00 00 00 00 1c 40
240: 1c 40 00 00 00 00 00 00 00 00 00 00 00 00 00 00 21 00 00 00 00 00 00 00 00 00 ce 16 00 00 00 00 00 00 00 00 00 00 00 00 00 00 00 00 04 00 00 00
288: 00 00 00 00 00 00 00 00 00 00 00 00 00 00 00 00 00 00 00 00 00 00 00 00 00 00 00 00 00 00 00 00 00 00 00 00 00 00 00 00 00 00 00 00 00 00 00 00
336: 00 00 00 00 00 00 00 00 00 00 00 00 00 00 00 00 00 00 00 00 00 00 00 00 00 00 00 00 00 00 00 00 00 00 00 00 00 00 00 00 00 00 00 00 00 00 00 00
384: 00 00 00 00 00 00 00 00 00 00 00 00 00 00 00 00 00 00 00 00 00 00 00 00 00 00 00 00 37 30 00 00 00 00 00 00 00 00 00 00 00 00 00 00 00 00 00 00
432: 00 00 00 00 00 00 00 00 00 00 00 00 1e 10 00 00 00 00 00 00 00 00 00 00 00 00 00 00 00 00 00 00 00 00 00 00 01 00 00 10 00 00 00 00 00 00 00 00
480: 00 00 00 00 00 00 00 00 00 00 00 00 00 00 00 00 00 00 00 00 00 00 00 00 00 00 00 00 00 00 a5 60

vSC_ENABLE:
fis: 27 80 80 45 01 44 57 a0 00 00 00 44 00 00 00 02 00 00 00 00

SMART:
fis: 27 80 b0 d6 be 4f c2 a0 01 44 57 45 01 00 00 02 00 00 00 00
data_out: 57 00 1b 00..

SMART:
fis: 27 80 b0 d6 bf 4f c2 a0 00 01 00 d6 01 00 00 02 00 00 00 00
data_out:
  0: 00 00 00 00 f2 0b 00 00 d3 de 43 00 ff ff ff ff 00 00 00 00 78 57 55 00 3c 2d 4c 00 60 70 4b 00 63 70 4b 00 00 00 00 00 00 00 00 00 f2 0b 00 00
 48: d4 2e 4c 00 60 70 4b 00 d0 67 4c 00 08 60 4c 00 6e 4f 44 00 63 70 4b 00 14 00 00 00 14 00 00 00 f2 0b 00 00 b2 80 43 00 64 00 00 00 a0 00 00 00
 96: 50 40 55 00 73 00 83 00 73 00 63 00 e8 06 00 00 d4 33 03 00 00 00 00 00 00 00 00 00 00 00 00 00 b7 01 87 01 83 00 83 00 e8 06 00 00 38 00 00 00
144: d4 2d 4c 00 a4 2d 4c 00 21 00 00 00 19 00 00 00 00 00 00 00 00 03 00 00 46 32 21 00 00 00 6e 0d 15 00 c3 00 22 04 00 00 00 00 00 00 73 00 af 01
192: 73 00 63 00 0c 2e 4c 00 d4 33 03 00 00 00 00 00 00 00 00 00 00 00 00 00 b7 01 00 00 af 01 d3 00 0c 2e 4c 00 00 00 00 00 0c 2e 4c 00 fc 2d 4c 00
240: 21 00 00 00 21 00 00 00 00 00 4b 00 00 30 00 00 02 30 21 00 c2 55 6a 0d 08 00 c3 00 8a 3e 00 00 69 61 4c 00 00 00 00 00 00 00 00 00 e4 23 00 00
288: 01 00 00 00 19 00 00 00 c2 55 4b 00 01 68 00 00 02 30 4c 00 00 00 00 00 00 00 00 00 4c 2e 00 24 01 31 00 00 b7 01 00 00 00 00 00 00 af 01 00 00
336: af 01 00 00 00 32 00 00 00 00 00 00 12 2b 00 00 58 18 48 00 a7 01 00 00 5d 18 48 00 01 00 00 00 f0 a9 47 00 19 00 00 00 69 61 4c 00 86 00 00 00
384: c2 55 4b 00 00 06 00 00 0a 00 00 00 05 9a 47 00 d7 80 4a 00 70 5c 47 00 44 2f 4c 00 00 0a 00 00 ac 2e 4c 00 7c 5c 47 00 73 2e 4c 00 05 9b 47 00
432: c2 55 4b 00 f1 ff ff ff ff ff ff ff d0 67 4c 00 18 00 00 00 d0 73 20 00 d0 67 4c 00 64 00 00 00 00 00 00 00 00 00 00 00 00 00 00 00 00 00 00 00
480: 00 00 00 00 00 00 00 00 00 51 43 00 ef 20 46 00 cd 01 00 00 f7 20 46 00 14 00 00 00 14 00 00 00

SMART:
fis: 27 80 b0 d6 be 4f c2 a0 bf 00 00 d6 01 01 00 02 00 00 00 00
data_out: 57 00 1a 00..

SMART:
fis: 27 80 b0 d5 bf 4f c2 a0 00 01 00 d6 01 00 00 02 00 00 00 00
data_in: 01 00..

SMART:
fis: 27 80 b0 d6 be 4f c2 a0 bf 00 00 d5 01 00 00 02 00 00 00 00
data_out: 2a 00 02 00 02 00 0d 00 16 00 01 00..

SMART:
fis: 27 80 b0 d6 bf 4f c2 a0 00 01 00 d6 01 00 00 02 00 00 00 00
data_out: fc 2c 4c 00 01

SMART:
fis: 27 80 b0 d6 be 4f c2 a0 bf 00 00 d6 01 01 00 02 00 00 00 00
data_out: 2a 00 01 00 02 00 0d 00 16 00 01 00..

SMART:
fis: 27 80 b0 d5 bf 4f c2 a0 00 01 00 d6 01 00 00 02 00 00 00 00
data_in: fc 00..

VSC_DISABLE:
fis: 27 80 80 44 bf 44 57 a0 00 00 00 d5 00 00 00 02 00 00 00 00

----------------------------------------------------------------------------------------------------------------------------------------------------

wdidle3-300.sata: set idle3 timeout to 300 seconds.

IDENTIFY:
data_in:
  0: 7a 42 ff 3f 37 c8 10 00 00 00 00 00 3f 00 00 00 00 00 00 00 20 20 20 20 57 20 2d 44 4d 57 56 41 30 35 32 33 35 36 36 38 00 00 ff ff 32 00 31 30
 48: 30 2e 41 30 31 30 44 57 20 43 44 57 30 35 30 30 41 41 53 44 30 2d 4d 30 42 32 20 30 20 20 20 20 20 20 20 20 20 20 20 20 20 20 20 20 20 20 10 80
 96: 00 00 00 2f 01 40 00 00 00 00 07 00 ff 3f 10 00 3f 00 10 fc fb 00 00 01 ff ff ff 0f 00 00 07 00 03 00 78 00 78 00 78 00 78 00 00 00 00 00 00 00
144: 00 00 00 00 00 00 1f 00 06 17 00 00 44 00 40 00 fe 01 00 00 6b 74 61 7f 23 41 69 74 41 bc 23 41 7f 40 4a 00 4a 00 00 00 fe ff 00 00 fe 80 00 00
192: 00 00 00 00 00 00 00 00 30 60 38 3a 00 00 00 00 00 00 00 00 00 00 00 00 01 50 e0 4e 81 ac a1 21 00 00 00 00 00 00 00 00 00 00 00 00 00 00 1c 40
240: 1c 40 00 00 00 00 00 00 00 00 00 00 00 00 00 00 21 00 00 00 00 00 00 00 00 00 ce 16 00 00 00 00 00 00 00 00 00 00 00 00 00 00 00 00 04 00 00 00
288: 00 00 00 00 00 00 00 00 00 00 00 00 00 00 00 00 00 00 00 00 00 00 00 00 00 00 00 00 00 00 00 00 00 00 00 00 00 00 00 00 00 00 00 00 00 00 00 00
336: 00 00 00 00 00 00 00 00 00 00 00 00 00 00 00 00 00 00 00 00 00 00 00 00 00 00 00 00 00 00 00 00 00 00 00 00 00 00 00 00 00 00 00 00 00 00 00 00
384: 00 00 00 00 00 00 00 00 00 00 00 00 00 00 00 00 00 00 00 00 00 00 00 00 00 00 00 00 37 30 00 00 00 00 00 00 00 00 00 00 00 00 00 00 00 00 00 00
432: 00 00 00 00 00 00 00 00 00 00 00 00 1e 10 00 00 00 00 00 00 00 00 00 00 00 00 00 00 00 00 00 00 00 00 00 00 01 00 00 10 00 00 00 00 00 00 00 00
480: 00 00 00 00 00 00 00 00 00 00 00 00 00 00 00 00 00 00 00 00 00 00 00 00 00 00 00 00 00 00 a5 60

VSC_ENABLE:
fis: 27 80 80 45 01 44 57 a0 00 00 00 44 00 00 00 02 00 00 00 00

SMART:
fis: 27 80 b0 d6 be 4f c2 a0 01 44 57 45 01 00 00 02 00 00 00 00
data_out: 57 00 1b 00..

SMART:
fis: 27 80 b0 d6 bf 4f c2 a0 00 01 00 d6 01 00 00 02 00 00 00 00
data_out:
  0: e0 93 04 00 f2 0b 00 00 d3 de 43 00 ff ff ff ff 00 00 00 00 78 57 55 00 3c 2d 4c 00 60 70 4b 00 66 70 4b 00 00 00 00 00 00 00 00 00 f2 0b 00 00
 48: d4 2e 4c 00 60 70 4b 00 d8 67 4c 00 08 60 4c 00 6e 4f 44 00 66 70 4b 00 14 00 00 00 14 00 00 00 f2 0b 00 00 b2 80 43 00 64 00 00 00 a0 00 00 00
 96: 50 40 55 00 73 00 83 00 73 00 63 00 e8 06 00 00 d4 33 03 00 00 00 00 00 00 00 00 00 00 00 00 00 b7 01 87 01 83 00 83 00 e8 06 00 00 38 00 00 00
144: d4 2d 4c 00 a4 2d 4c 00 21 00 00 00 19 00 00 00 00 00 00 00 00 03 00 00 46 32 21 00 00 00 6e 0d 15 00 c3 00 22 04 00 00 00 00 00 00 00 00 46 32
192: d8 2d 46 32 00 02 00 00 00 03 00 00 46 32 00 00 46 32 00 00 00 03 00 00 81 00 00 00 e8 06 00 00 71 61 4c 00 1c 2e 4c 00 f8 2d 4c 00 21 00 00 00
240: 19 00 00 00 19 00 00 00 01 ff 00 00 b7 01 00 00 87 01 00 00 83 00 00 00 af 01 00 00 b6 05 00 00 37 01 00 00 00 32 00 00 c3 05 00 00 60 00 00 00
288: 19 00 00 00 01 00 00 00 58 61 4c 00 3c 2e 4c 00 01 00 00 00 58 61 4c 00 19 00 00 00 19 00 00 00 b7 01 00 00 00 00 00 00 af 01 00 00 af 01 00 00
336: 1f 01 48 00 a7 01 00 00 44 32 00 00 19 00 00 00 00 00 00 00 58 61 4c 00 19 00 00 00 c2 55 4b 00 59 a9 47 00 19 00 00 00 71 61 4c 00 86 00 00 00
384: c2 55 4b 00 00 06 00 00 0a 00 00 00 05 9a 47 00 d7 80 4a 00 70 5c 47 00 44 2f 4c 00 00 0a 00 00 ac 2e 4c 00 7c 5c 47 00 73 2e 4c 00 05 9b 47 00
432: c2 55 4b 00 f1 ff ff ff ff ff ff ff d8 67 4c 00 18 00 00 00 d8 73 20 00 d8 67 4c 00 64 00 00 00 00 00 00 00 00 00 00 00 00 00 00 00 00 00 00 00
480: 00 00 00 00 00 00 00 00 00 51 43 00 ef 20 46 00 17 02 00 00 f7 20 46 00 14 00 00 00 14 00 00 00

SMART:
fis:  27 80 b0 d6 be 4f c2 a0 bf 00 00 d6 01 01 00 02 00 00 00 00
data_out: 57 00 1a 00..

SMART:
fis: 27 80 b0 d5 bf 4f c2 a0 00 01 00 d6 01 00 00 02 00 00 00 00
data_in: e0 93 04 00..

SMART:
fis: 27 80 b0 d6 be 4f c2 a0 bf 00 00 d5 01 00 00 02 00 00 00 00
data_out: 2a 00 02 00 02 00 0d 00 16 00 01 00..

SMART:
fis: 27 80 b0 d6 bf 4f c2 a0 00 01 00 d6 01 00 00 02 00 00 00 00
data: 8a 2c 4c 00 e0 93 04 00..

SMART:
fis: 27 80 b0 d6 be 4f c2 a0 bf 00 00 d6 01 01 00 02 00 00 00 00
data_out: 2a 00 01 00 02 00 0d 00 16 00 01 00

SMART:
fis: 27 80 b0 d5 bf 4f c2 a0 00 01 00 d6 01 00 00 02 00 00 00 00
data_in: 8a 00..

VSC_DISABLE:
fis: 27 80 80 44 bf 44 57 a0 00 00 00 d5 00 00 00 02 00 00 00 00

----------------------------------------------------------------------------------------------------------------------------------------------------

wdidle3-30.5.sata: change idle3 timeout to 30.5(?) seconds.

IDENTIFY:
fis: 27 80 ec 44 01 00 00 a0 00 00 00 d5 01 00 00 02 00 00 00 00
data_in:
  0: 7a 42 ff 3f 37 c8 10 00 00 00 00 00 3f 00 00 00 00 00 00 00 20 20 20 20 57 20 2d 44 4d 57 56 41 30 35 32 33 35 36 36 38 00 00 ff ff 32 00 31 30
 48: 30 2e 41 30 31 30 44 57 20 43 44 57 30 35 30 30 41 41 53 44 30 2d 4d 30 42 32 20 30 20 20 20 20 20 20 20 20 20 20 20 20 20 20 20 20 20 20 10 80
 96: 00 00 00 2f 01 40 00 00 00 00 07 00 ff 3f 10 00 3f 00 10 fc fb 00 00 01 ff ff ff 0f 00 00 07 00 03 00 78 00 78 00 78 00 78 00 00 00 00 00 00 00
144: 00 00 00 00 00 00 1f 00 06 17 00 00 44 00 40 00 fe 01 00 00 6b 74 61 7f 23 41 69 74 41 bc 23 41 7f 40 4a 00 4a 00 00 00 fe ff 00 00 fe 80 00 00
192: 00 00 00 00 00 00 00 00 30 60 38 3a 00 00 00 00 00 00 00 00 00 00 00 00 01 50 e0 4e 81 ac a1 21 00 00 00 00 00 00 00 00 00 00 00 00 00 00 1c 40
240: 1c 40 00 00 00 00 00 00 00 00 00 00 00 00 00 00 21 00 00 00 00 00 00 00 00 00 ce 16 00 00 00 00 00 00 00 00 00 00 00 00 00 00 00 00 04 00 00 00
288: 00 00 00 00 00 00 00 00 00 00 00 00 00 00 00 00 00 00 00 00 00 00 00 00 00 00 00 00 00 00 00 00 00 00 00 00 00 00 00 00 00 00 00 00 00 00 00 00
336: 00 00 00 00 00 00 00 00 00 00 00 00 00 00 00 00 00 00 00 00 00 00 00 00 00 00 00 00 00 00 00 00 00 00 00 00 00 00 00 00 00 00 00 00 00 00 00 00
384: 00 00 00 00 00 00 00 00 00 00 00 00 00 00 00 00 00 00 00 00 00 00 00 00 00 00 00 00 37 30 00 00 00 00 00 00 00 00 00 00 00 00 00 00 00 00 00 00
432: 00 00 00 00 00 00 00 00 00 00 00 00 1e 10 00 00 00 00 00 00 00 00 00 00 00 00 00 00 00 00 00 00 00 00 00 00 01 00 00 10 00 00 00 00 00 00 00 00
480: 00 00 00 00 00 00 00 00 00 00 00 00 00 00 00 00 00 00 00 00 00 00 00 00 00 00 00 00 00 00 a5 60

VSC_ENABLE:
fis: 27 80 80 45 01 44 57 a0 00 00 00 44 00 00 00 02 00 00 00 00

SMART:
fis: 27 80 b0 d6 be 4f c2 a0 01 44 57 45 01 00 00 02 00 00 00 00
data_out: 57 00 1b 00..

SMART:
fis: 27 80 b0 d6 bf 4f c2 a0 00 01 00 d6 01 00 00 02 00 00 00 00
data_out:
  0: 24 77 00 00 f2 0b 00 00 d3 de 43 00 ff ff ff ff 00 00 00 00 78 57 55 00 3c 2d 4c 00 60 70 4b 00 67 70 4b 00 00 00 00 00 00 00 00 00 f2 0b 00 00
 48: d4 2e 4c 00 60 70 4b 00 d8 67 4c 00 08 60 4c 00 6e 4f 44 00 67 70 4b 00 14 00 00 00 14 00 00 00 f2 0b 00 00 b2 80 43 00 64 00 00 00 a0 00 00 00
 96: 50 40 55 00 73 00 83 00 73 00 63 00 e8 06 00 00 d4 33 03 00 00 00 00 00 00 00 00 00 00 00 00 00 b7 01 87 01 83 00 83 00 e8 06 00 00 38 00 00 00
144: d4 2d 4c 00 a4 2d 4c 00 21 00 00 00 19 00 00 00 00 00 00 00 00 03 00 00 46 32 21 00 00 00 6e 0d 15 00 c3 00 22 04 00 00 00 00 00 00 00 00 46 32
192: d8 2d 46 32 00 02 00 00 00 03 00 00 46 32 00 00 46 32 00 00 00 03 00 00 81 00 00 00 e8 06 00 00 71 61 4c 00 1c 2e 4c 00 f8 2d 4c 00 21 00 00 00
240: 19 00 00 00 19 00 00 00 01 ff 00 00 b7 01 00 00 87 01 00 00 83 00 00 00 af 01 00 00 b6 05 00 00 37 01 00 00 00 32 00 00 c3 05 00 00 60 00 00 00
288: 19 00 00 00 01 00 00 00 58 61 4c 00 3c 2e 4c 00 01 00 00 00 58 61 4c 00 19 00 00 00 19 00 00 00 b7 01 00 00 00 00 00 00 af 01 00 00 af 01 00 00
336: 1f 01 48 00 a7 01 00 00 44 32 00 00 19 00 00 00 00 00 00 00 58 61 4c 00 19 00 00 00 c2 55 4b 00 59 a9 47 00 19 00 00 00 71 61 4c 00 86 00 00 00
384: c2 55 4b 00 00 06 00 00 0a 00 00 00 05 9a 47 00 d7 80 4a 00 70 5c 47 00 44 2f 4c 00 00 0a 00 00 ac 2e 4c 00 7c 5c 47 00 73 2e 4c 00 05 9b 47 00
432: c2 55 4b 00 f1 ff ff ff ff ff ff ff d8 67 4c 00 18 00 00 00 d8 73 20 00 d8 67 4c 00 64 00 00 00 00 00 00 00 00 00 00 00 00 00 00 00 00 00 00 00
480: 00 00 00 00 00 00 00 00 00 51 43 00 ef 20 46 00 4c 02 00 00 f7 20 46 00 14 00 00 00 14 00 00 00

SMART:
fis: 27 80 b0 d6 be 4f c2 a0 bf 00 00 d6 01 01 00 02 00 00 00 00
data_out: 57 00 1a 00..

SMART:
fis: 27 80 b0 d5 bf 4f c2 a0 00 01 00 d6 01 00 00 02 00 00 00 00
data_in:  24 77 00..

SMART:
fis: 27 80 b0 d6 be 4f c2 a0 bf 00 00 d5 01 00 00 02 00 00 00 00
data_out: 2A 00 02 00 02 00 0D 00 16 00 01 00..

SMART:
fis: 27 80 b0 d6 bf 4f c2 a0 00 01 00 d6 01 00 00 02 00 00 00 00
data_out: 81 2c 4c 00 24 77 00

SMART:
fis: 27 80 b0 d6 be 4f c2 a0 bf 00 00 d6 01 01 00 02 00 00 00 00
data_out: 2a 00 01 00 02 00 0d 00 16 00 01 00..

SMART:
fis: 27 80 b0 d5 bf 4f c2 a0 00 01 00 d6 01 00 00 02 00 00 00 00
data_in: 81 00..

VSC_DISABLE:
fis: 27 80 80 44 bf 44 57 a0 00 00 00 d5 00 00 00 02

----------------------------------------------------------------------------------------------------------------------------------------------------
